# id	left	top	right	bottom	texture_id
[SPRITES]
999990100	457	223	468	230	50
999990200	457	232	468	239	50
999990400	457	241	468	248	50
999990800	457	250	468	257	50

999991000	470	223	485	230	50
999992000	470	232	485	239	50
999994000	470	241	485	248	50
999998000	470	250	485	257	50

999999999	579	176	621	185	50


#take down
999980000	519	67	534	82	50

#break brick
999981000	484	120	491	127	50

# ani_id	sprite1_id	time1	sprite2_id	time2	...
[ANIMATIONS]
999980000	999980000	100
999981000	999981000	100