# id	left	top	right	bottom	texture_id
[SPRITES]
#WALK
200000	239	108	254	123	12
200001	256	108	271	123	12

#DIE
200100	222	115	237	123	12

#---PARA GOOMBA
#WALK
210000	435	79	454	102	12
210001	456	79	475	102	12

#DIE
210100	204	115	219	123	12

#HOP
210200	170	100	185	123	12
210201	187	100	202	123	12


#FLY
210300	393	79	412	102	12
210301	414	79	433	102	12

# ani_id	sprite1_id	time1	sprite2_id	time2	...
[ANIMATIONS]
200000	200000	100	200001	100
200100	200100	100

210000	210000	100	210001	100
210100	210100	100
210200	210200	100	210201	100
210300	210300	50	210200	50	210301	50	210201	50
210400	210300	100	210301	100