# id	left	top	right	bottom	texture_id
[SPRITES]
#WALK
20011	205	163	220	190	12
20012	222	163	237	190	12

#WALK FLIP
20021	313	163	328	190	13
20022	296	163	311	190	13

#HIDE
20031	239	174	254	189	12

#REVIVE
20041	70	139	88	154	10
20042	49	139	66	154	10
20043	72	139	89	154	10
20044	50	139	66	154	10

#SLIDE
20051	256	174	271	189	12
20052	273	174	288	189	12
20053	290	174	305	189	12

# ani_id	sprite1_id	time1	sprite2_id	time2	...
[ANIMATIONS]
20010	20011	100	20012	100
20020	20021	100	20022	100
20030	20031	100
20040	20041	50	20042	50	20043	50	20044	50
20050	20051	100	20052	100	20053	100