# id	left	top	right	bottom	texture_id
[SPRITES]
#IDLE
13000	242	633	263	662	0
13100	182	633	203	662	0

#WALK RIGHT
13010	272	633	293	662	0
13011	302	633	323	662	0

#WALK LEFT
13110	152	633	173	662	0
13111	122	633	143	662	0

#RUNNING RIGHT
13020	331	633	354	662	0
13021	360	633	385	662	0
13022	389	633	414	662	0

#RUNNING LEFT
13120	91	633	114	662	0
13121	60	633	85	662	0
13122	31	633	56	662	0

#JUMP WALK RIGHT & LEFT
13030	391	753	414	780	0
13031	31	753	54	780	0

#JUMP RUN RIGHT & LEFT
13040	361	753	384	780	0
13041	61	753	84	780	0

#SIT RIGHT & LEFT 
13050	392	677	413	696	0
13051	32	677	53	696	0

#BRACE RIGHT & LEFT 
13060	425	633	440	662	0
13061	5	633	20	662	0

#PICK UP RIGHT
14101	242	794	263	821	0
14102	271	794	294	821	0
14103	302	794	323	821	0

#PICK UP LEFT
14111	182	794	203	821	0
14112	152	794	173	821	0
14113	122	794	143	821	0

#KICK RIGHT & LEFT
14200	423	794	444	821	0
14201	2	794	23	821	0

#WHIP
15000	215	633	230	662	0
15001	215	674	230	701	0
15002	332	633	361	662	0
15003	85	633	114	662	0

#FLY RIGHT
15100	361	753	384	780	0
15101	331	713	354	740	0
15102	361	713	384	740	0

#FLY LEFT
15110	61	753	84	780	0
15111	91	713	114	740	0
15112	61	713	84	740	0

#FALL RIGHT
15200	303	633	323	662	0

#FALL LEFT
15210	112	633	142	662	0


# ani_id	sprite1_id	time1	sprite2_id	time2	...
[ANIMATIONS]
#IDLE
120000	13000	100
120010	13100	100

#WALK LEFT & RIGHT
120100	13000	100	13010	100	13011	100	13010	100
120110	13100	100	13110	100	13111	100	13110	100

#WALK LEFT & RIGHT
120200	13000	50	13010	50	13011	50	13010	50
120210	13100	50	13110	50	13111	50	13110	50

#RUNNING LEFT & RIGHT
120300	13021	50	13022	50	13021	50	13020	50
120310	13121	50	13122	50	13121	50	13120	50

#BRACE RIGHT & LEFT
120400	13060	100
120410	13061	100

#JUMP WALK RIGHT & LEFT
120500	13030	100
120510	13031	100

#JUMP RUN RIGHT & LEFT
120600	13040	100
120610	13041	100

#SIT RIGHT & LEFT
120700	13050	100
120710	13051	100

#PICK UP IDLE RIGHT & LEFT
121000	14101	100
121010	14111	100

#PICK UP WALK RIGHT & LEFT
121100	14101	100	14102	100	14103	100
121110	14111	100	14112	100	14113	100

#PICK UP WALK FAST RIGHT & LEFT
121200	14101	50	14102	50	14103	50
121210	14111	50	14112	50	14113	50

#PICK UP JUMP RIGHT & LEFT
121300	14103	100
121310	14113	100

#KICK RIGHT & LEFT
121400	14200	100
121410	14201	100

#WHIP RIGHT & LEFT
122000	15003	500	15000	50	15002	75	15001	50
122010	15002	50	15000	50	15003	75	15001	50

#FLY RIGHT & LEFT
122100	15100	100
122110	15110	100

#BOOST RIGHT & LEFT
122200	15100	100	15101	100	15102	100
122210	15110	100	15111	100	15112	100

#FALL RIGHT & LEFT
122300	15200	100
122310	15210	100
