# id	left	top	right	bottom	texture_id
[SPRITES]
#IDLE
110000	246	154	259	181	0
110010	186	154	199	181	0

#WALKING RIGHT
110100	275	154	290	181	0
110101	304	155	321	182	0

#WALKING LEFT
110110	155	154	170	181	0
110111	125	155	140	182	0

#RUNNING RIGHT
110300	334	154	353	181	0
110301	362	154	381	181	0
110302	392	155	411	182	0

#RUNNING LEFT
110310	92	154	111	181	0
110311	64	154	83	181	0
110312	34	155	53	182	0

#JUMP WALK RIGHT
110500	395	275	412	302	0
110510	35	275	52	302	0

#JUMP RUN RIGHT & LEFT
110600	394	195	413	222	0
110610	35	195	52	222	0

#SIT RIGHT & LEFT 
110700	426	239	441	256	0
110710	5	239	20	256	0

#BRACE RIGHT & LEFT 
110400	425	154	442	181	0
110410	5	154	22	181	0


#PICK UP RIGHT
111000	334	233	349	260	0
111100	274	313	291	340	0
111101	305	314	320	341	0

#PICK UP LEFT
111010	96	233	111	260	0
111110	155	313	170	340	0
111111	125	314	140	341	0

#KICK RIGHT
111400	423	273	444	300	0

#KICK LEFT
111410	2	273	23	300	0


# ani_id	sprite1_id	time1	sprite2_id	time2	...
[ANIMATIONS]
#IDLE
110000	110000	100
110010	110010	100

#WALKING RIGHT & LEFT 
110100	110100	100	110101	100	110100	100	110000	100
110110	110110	100	110111	100	110110	100	110010	100

#WALKING RIGHT & LEFT 
110200	110100	50	110101	50	110100	50	110000	50
110210	110110	50	110111	50	110110	50	110010	50

#RUNNING RIGHT & LEFT
110300	110301	25	110302	25	110301	25	110300	25
110310	110311	25	110312	25	110311	25	110310	25

#BRACE RIGHT & LEFT 
110400	110400	100
110410	110410	100

#JUMP WALK
110500	110500	100
110510	110510	100

#JUMP RUN
110600	110600	100
110610	110610	100

#SIT RIGHT & LEFT 
110700	110700	100
110710	110710	100

#PICK UP IDLE RIGHT & LEFT
111000	111000	100
111010	111010	100

#PICK UP WALK RIGHT & LEFT
111100	111100	100	111101	100	111100	100	111000	100
111110	111110	100	111111	100	111110	100	111010	100

#PICK UP WALK FAST RIGHT & LEFT
111200	111100	50	111101	50	111100	50	111000	50
111210	111110	50	111111	50	111110	50	111010	50

#PICK UP JUMP RIGHT & LEFT
111300	111101	100
111310	111111	100

#KICK RIGHT & LEFT
111400	111400	100
111410	111410	100





