# id	left	top	right	bottom	texture_id
[SPRITES]
 #IDLE
12121	247	0	260	15	0
12111	187	0	200	15	0

#WALK RIGHT
12222	275	0	292	15	0
12223	306	0	321	15	0

#WALK LEFT
12212	155	0	170	15	0
12213	125	0	140	15	0

#RUN RIGHT
12321	275	0	290	15	0
12322	306	0	321	15	0
12323	335	0	350	15	0

#RUN LEFT
12311	155	0	170	15	0
12312	125	0	140	15	0
12313	95	0	110	15	0

#BRACE RIGHT & LEFT
12511	6	0	19	15	0
12521	426	0	439	15	0

#JUMP WALK RIGHT & LEFT 
12413	35	80	50	95	0
12417	395	80	410	95	0

#JUMP RUN RIGHT & LEFT 
12423	65	40	80	55	0
12427	365	40	380	55	0

#PICK UP RIGHT
12701	246	120	261	135	0
12702	276	120	291	135	0

#PICK UP LEFT
12711	185	120	200	135	0
12712	155	120	170	135	0

#KICK RIGHT
12800	425	80	440	95	0

#KICK LEFT
12801	5	80	20	95	0
	
#DIE
199990	215	120	234	137	0


# ani_id	sprite1_id	time1	sprite2_id	time2	...
[ANIMATIONS]
#IDLE
100000	12121	100
100010	12111	100

#WALK LEFT & RIGHT 
100100	12121	100	12222	100	12223	100
100110	12111	100	12212	100	12213	100

#WALK FAST LEFT & RIGHT
100200	12121	50	12222	50	12223	50
100210	12111	50	12212	50	12213	50

#RUN LEFT & RIGHT
100300	12321	100	12322	100	12323	100
100310	12311	100	12312	100	12313	100

#BRACE LEFT & RIGHT
100400	12511	100
100410	12521	100

#JUMP WALK
100500	12417	100
100510	12413	100

#JUMP RUN 
100600	12427	100
100610	12423	100

#PICK UP IDLE RIGHT & LEFT
101000	12701	100
101010	12711	100

#PICK UP WALK RIGHT & LEFT
101100	12701	100	12702	100
101110	12711	100	12712	100

#PICK UP WALK FAST RIGHT & LEFT
101200	12701	50	12702	50
101210	12711	50	12712	50

#PICK UP JUMP RIGHT & LEFT
101300	12702	100
101310	12712	100

#KICK RIGHT & LEFT
101400	12800	100
101410	12801	100

#DIE
199990	199990	100