# id	left	top	right	bottom	texture_id
[SPRITES]
#DOWNGRADE
130000	527	20	542	35	50
130001	544	20	559	35	50
130002	561	20	576	35	50
130003	578	20	593	35	50

131000	375	129	390	144	1
131100	375	283	390	309	1
131200	355	483	370	510	1

# ani_id	sprite1_id	time1	sprite2_id	time2	...
[ANIMATIONS]
130000	130000	100	130001	100	130002	100	130003	100

130100	110000	100	100000	100
130110	110010	100	100010	100
130200	100000	100	110000	100
130210	100010	100	110010	100

131000	131000	100
131100	131100	100
131200	131200	100