[OVERWORLD]
[ASSETS]
ow_mario.txt
ow_path.txt
ow_terrain.txt
ow_map_holder.txt
ow_portal.txt
ow_point.txt
UI.txt
[UI]
[SETTINGS]
background_color	255	218	121

[OBJECTS]
#MARIO
88880001	16	32

#MAP_HOLDER
88880099	0	0	14	10

#PORTAL
88880004	48	0	1	1
88880004	112	0	0	2
88880004	144	0	0	3
88880004	144	32	0	4
88880004	48	128	0	5
88880004	112	128	0	6

#START
88880005	16	32	1	0

#LOCK
88880005	48	48	0	10

#CARD
88880005	112	64	1	20

#MUSHROOM
88880005	176	32	1	30
88880005	80	96	1	30

#CASTLE
88880005	80	64	1	50

#BRIDGE
88880005	128	96	1	40

#BIG CASTLE
88880005	184	88	1	60


#PATH
88880002	0	32	1	0	0	0
88880002	32	32	1	0	0	0
88880002	48	32	1	0	0	1
88880002	48	16	1	1	0	0

88880002	64	0	0	0	0	0
88880002	80	0	0	0	1	0
88880002	96	0	0	0	0	0

88880002	128	0	0	0	0	0

88880002	160	0	0	0	0	0
88880002	176	0	0	0	1	0
88880002	176	16	0	1	0	0

88880002	160	32	0	0	0	0

88880002	128	32	0	0	0	0

88880002	112	16	0	1	0	0
88880002	112	32	0	1	1	0
88880002	112	48	0	1	0	0

88880002	96	64	0	0	0	0

88880002	64	64	0	0	0	0

88880002	48	64	0	1	1	0
88880002	48	80	0	1	0	0
88880002	48	96	0	1	1	0
88880002	48	112	0	1	0	0

88880002	64	128	0	0	0	0
88880002	80	128	0	0	1	0
88880002	96	128	0	0	0	0

88880002	96	96	0	0	0	0
88880002	112	96	0	0	1	0
88880002	112	112	0	1	0	0

88880002	144	96	0	0	1	0
88880002	160	96	0	0	0	0


#GRASS
88880003	0	0	0	0
88880003	16	0	0	0
88880003	32	0	0	0
88880003	0	16	0	0
88880003	16	16	0	0
88880003	32	16	0	0

88880003	0	48	0	0
88880003	16	48	0	0
88880003	32	48	0	0
88880003	0	64	0	0
88880003	16	64	0	0
88880003	32	64	0	0
88880003	0	80	0	0

88880003	64	16	0	0
88880003	80	16	0	0
88880003	96	16	0	0
88880003	64	32	0	0
88880003	80	32	0	0
88880003	96	32	0	0
88880003	64	48	0	0
88880003	80	48	0	0
88880003	96	48	0	0

88880003	128	16	0	0
88880003	144	16	0	0
88880003	160	16	0	0

88880003	80	80	0	0
88880003	96	80	0	0
88880003	112	80	0	0

88880003	192	0	0	0
88880003	208	0	0	0
88880003	192	16	0	0
88880003	208	16	0	0
88880003	192	32	0	0
88880003	208	32	0	0

88880003	128	48	0	0
88880003	144	48	0	0
88880003	128	64	0	0
88880003	144	64	0	0
88880003	160	48	0	0
88880003	176	48	0	0
88880003	192	48	0	0
88880003	208	48	0	0
88880003	208	64	0	0
88880003	208	80	0	0
88880003	208	96	0	0
88880003	208	112	0	0
88880003	208	128	0	0

#ROCK
88880003	32	96	0	1
88880003	16	112	0	1
88880003	32	112	0	1
88880003	16	128	0	1
88880003	32	128	0	1

88880003	64	96	0	1
88880003	64	112	0	1
88880003	80	112	0	1
