# id	left	top	right	bottom	texture_id
[SPRITES]
420000	358	131	373	138	12

420100	408	135	423	150	50
420110	426	135	441	150	50

420200	408	153	423	168	50
420210	426	153	441	168	50

#PLANT FIRE
#CLOSE UP
430000	322	331	337	346	12
430010	196	331	211	346	13

#OPEN UP
430100	304	331	319	346	12
430110	214	331	229	346	13

#CLOSE DOWN
431000	286	331	301	346	12
431010	232	331	247	346	13

#OPEN DOWN
431100	268	331	283	346	12
431110	250	331	265	346	13

----FIRE BALL---
490000	304	78	312	86	12
490001	313	78	321	86	12
490002	323	78	331	86	12
490003	332	78	340	86	12

# ani_id	sprite1_id	time1	sprite2_id	time2	...
[ANIMATIONS]
420100	420100	500	420110	500
420200	420200	500	420210	500

490000	490000	100	490001	100	490002	100	490003	100