# id	left	top	right	bottom	texture_id
[SPRITES]

############ RACOON ################
#IDLE
13000	242	633	263	662	0
13100	182	633	203	662	0

#WALK RIGHT
13010	272	633	293	662	0
13011	302	633	323	662	0

#WALK LEFT
13110	152	633	173	662	0
13111	122	633	143	662	0

#RUNNING RIGHT
13020	331	633	354	662	0
13021	362	633	385	662	0
13022	393	633	414	662	0

#RUNNING LEFT
13120	91	633	114	662	0
13121	60	633	83	662	0
13122	31	633	52	662	0

#JUMP WALK RIGHT & LEFT
13030	391	753	414	780	0
13031	31	753	54	780	0

#JUMP RUN RIGHT & LEFT
13040	361	753	384	780	0
13041	61	753	84	780	0

#SIT RIGHT & LEFT 
13050	392	677	413	696	0
13051	32	677	53	696	0

#BRACE RIGHT & LEFT 
13060	425	633	440	662	0
13061	5	633	20	662	0

#PICK UP RIGHT
14101	242	794	263	821	0
14102	271	794	292	821	0
14103	302	794	323	821	0

#PICK UP LEFT
14111	182	794	203	821	0
14112	152	794	173	821	0
14113	122	794	143	821	0

#KICK RIGHT & LEFT
14200	423	794	444	821	0
14201	2	794	23	821	0

#SPIN
15000	331	633	354	662	0
15001	215	633	230	662	0
15002	61	633	83	662	0

#FLY RIGHT
15100	361	753	384	780	0
15101	331	713	354	740	0
15102	361	713	384	740	0

#FLY LEFT
15110	61	753	84	780	0
15111	91	713	114	740	0
15112	61	713	84	740	0

#FALL RIGHT
15200	303	633	323	662	0

#FALL LEFT
15210	112	633	142	662	0


# ani_id	sprite1_id	time1	sprite2_id	time2	...
[ANIMATIONS]

############ RACOON ################
2010	13000	100
2011	13100	100

#WALK LEFT & RIGHT
2020	13000	100	13010	100	13011	100	13010	100
2021	13100	100	13110	100	13111	100	13110	100

#RUNNING LEFT & RIGHT
2030	13020	100	13021	100	13022	100
2031	13120	100	13121	100	13122	100

#JUMP WALK RIGHT & LEFT
2040	13030	100
2041	13031	100

#JUMP RUN RIGHT & LEFT
2050	13040	100
2051	13041	100

#SIT RIGHT & LEFT
2060	13050	100
2061	13051	100

#BRACE RIGHT & LEFT
2070	13060	100
2071	13061	100

#PICK UP RIGHT & LEFT
2100	14101	100	14102	100	14103	100
2101	14111	100	14112	100	14113	100

#KICK RIGHT & LEFT
2110	14200	100
2111	14201	100

#PICK UP JUMP RIGHT & LEFT
2120	14103	100
2121	14113	100

#PICK UP IDLE RIGHT & LEFT
2130	14101	100
2131	14111	100

#SPIN RIGHT & LEFT
2200	15002	100	15001	100	15000	100
2201	15000	100	15001	100	15002	100

#FLY RIGHT & LEFT
2210	15100	100
2211	15110	100

#BOOST RIGHT & LEFT
2220	15100	100	15101	100	15102	100
2221	15110	100	15111	100	15112	100

#FALL RIGHT & LEFT
2230	15200	100
2231	15210	100
