# list of object assets to load in this scene
[ASSETS]
UI.txt
mario_big.txt
mario_small.txt
mario_racoon.txt
mario_on_freeze.txt
brick.txt
coin.txt
tube.txt
#
[UI]
[SETTINGS]
background_color	0	0	0
cam_limit	8	2824	32	226
[OBJECTS]

# MARIO
0	128	112

#PORTAL (id	x	y	width	height	scene_id	keyCode	start_x	start_y)
1000	360	38	16	16	10	200	0	-1	2336	128

#TUBE
720	128	16	2	1	1
720	352	16	2	1	1


#BRICKS
700	0	176	16	16	32	610100
700	0	192	16	16	32	610100

700	0	32	16	16	8	610100
700	0	48	16	16	8	610100
700	0	64	16	16	8	610100
700	0	80	16	16	8	610100
700	0	96	16	16	8	610100
700	0	112	16	16	8	610100
700	0	128	16	16	8	610100
700	0	144	16	16	8	610100
700	0	160	16	16	8	610100

700	256	160	16	16	16	610100
700	272	144	16	16	15	610100
700	288	128	16	16	14	610100
700	304	112	16	16	13	610100
700	320	96	16	16	12	610100
700	336	80	16	16	11	610100

700	384	64	16	16	8	610100
700	384	48	16	16	8	610100
700	384	32	16	16	8	610100

700	0	16	16	16	8	610100
700	160	16	16	16	12	610100
700	384	16	16	16	8	610100

#COINS
53	240	144
53	224	144

53	208	128
53	256	128

53	256	112

53	240	96
53	224	96

53	256	80

53	208	64
53	256	64

53	240	48
53	224	48
